2016-05-21 14:42:13.888844 ‘run/LATEST.COMPILE/144213.719114000’ -> ‘20160521/144213.719114000’
2016-05-21 14:42:13.889367 ‘run/RUNNING.COMPILE’ -> ‘20160521/144213.719114000’
2016-05-21 14:42:13.889413 Parsing DeepDive application (/Users/emerson/Documents/Github/deepdive/examples/Coach_NBA) to generate:
2016-05-21 14:42:13.889439  run/compiled/schema.json
2016-05-21 14:42:13.889458   from app.ddlog
2016-05-21 14:42:15.313057  run/compiled/deepdive.conf
2016-05-21 14:42:15.313255   from app.ddlog
2016-05-21 14:42:16.497871   from deepdive.conf
2016-05-21 14:42:16.506531  run/compiled/deepdive.conf.json
2016-05-21 14:42:16.983817 Performing sanity checks on run/compiled/deepdive.conf.json:
2016-05-21 14:42:17.070381  checking if input_extractors_well_defined
2016-05-21 14:42:17.070447  checking if input_schema_wellformed
2016-05-21 14:42:17.070766 Normalizing and adding built-in processes to the data flow to compile:
2016-05-21 14:42:17.071257  run/compiled/config-0.00-init_objects.json
2016-05-21 14:42:17.094531  run/compiled/config-0.01-parse_calibration.json
2016-05-21 14:42:17.128792  run/compiled/config-0.01-parse_schema.json
2016-05-21 14:42:17.164196  run/compiled/config-0.51-add_init_app.json
2016-05-21 14:42:17.197960  run/compiled/config-0.52-input_loader.json
2016-05-21 14:42:17.223335  run/compiled/config-1.00-qualified_names.json
2016-05-21 14:42:17.261730  run/compiled/config-1.01-parse_inference_rules.json
2016-05-21 14:42:17.306835  run/compiled/config-2.01-grounding.json
2016-05-21 14:42:17.428038  run/compiled/config-2.02-learning_inference.json
2016-05-21 14:42:17.462499  run/compiled/config-2.03-calibration_plots.json
2016-05-21 14:42:17.506612  run/compiled/config-9.98-ensure_init_app.json
2016-05-21 14:42:17.545972  run/compiled/config-9.99-dependencies.json
2016-05-21 14:42:17.590858  run/compiled/config.json
2016-05-21 14:42:17.595253 Validating run/compiled/config.json:
2016-05-21 14:42:17.746301  checking if compiled_base_relations_have_input_data
2016-05-21 14:42:17.746365  [WARNING] input/init.sh should load all base relations: articles spouses_dbpedia 
2016-05-21 14:42:17.746401  checking if compiled_dependencies_correct
2016-05-21 14:42:17.746423  checking if compiled_input_output_well_defined
2016-05-21 14:42:17.746442  checking if compiled_output_uniquely_defined
2016-05-21 14:42:17.746655 Compiling executable code into:
2016-05-21 14:42:17.746971  run/compiled/code-Makefile.json
2016-05-21 14:42:17.781572  run/compiled/code-cmd_extractor.json
2016-05-21 14:42:17.829265  run/compiled/code-dataflow_dot.json
2016-05-21 14:42:17.870045  run/compiled/code-sql_extractor.json
2016-05-21 14:42:17.906966  run/compiled/code-tsv_extractor.json
2016-05-21 14:42:17.953858 Generating files:
2016-05-21 14:42:17.985246  run/Makefile
2016-05-21 14:42:18.017703  run/process/init/app/run.sh
2016-05-21 14:42:18.052553  run/process/init/relation/articles/run.sh
2016-05-21 14:42:18.081404  run/process/init/relation/spouses_dbpedia/run.sh
2016-05-21 14:42:18.105586  run/process/ext_has_spouse/run.sh
2016-05-21 14:42:18.133202  run/process/ext_num_people/run.sh
2016-05-21 14:42:18.158823  run/process/ext_num_team/run.sh
2016-05-21 14:42:18.198685  run/process/ext_spouse_candidate/run.sh
2016-05-21 14:42:18.222277  run/process/ext_spouse_label/run.sh
2016-05-21 14:42:18.251743  run/process/ext_spouse_label_resolved/run.sh
2016-05-21 14:42:18.276203  run/process/grounding/variable_id_partition/run.sh
2016-05-21 14:42:18.308487  run/process/grounding/variable/has_spouse/assign_id/run.sh
2016-05-21 14:42:18.333352  run/process/grounding/variable_holdout/run.sh
2016-05-21 14:42:18.363236  run/process/grounding/variable/has_spouse/dump/run.sh
2016-05-21 14:42:18.390051  run/process/grounding/factor/inf1_imply_has_spouse_has_spouse/materialize/run.sh
2016-05-21 14:42:18.416321  run/process/grounding/factor/inf_imply_has_spouse_has_spouse/materialize/run.sh
2016-05-21 14:42:18.442885  run/process/grounding/factor/inf_istrue_has_spouse/materialize/run.sh
2016-05-21 14:42:18.477191  run/process/grounding/weight_id_partition/run.sh
2016-05-21 14:42:18.500971  run/process/grounding/global_weight_table/run.sh
2016-05-21 14:42:18.535731  run/process/grounding/factor/inf1_imply_has_spouse_has_spouse/assign_weight_id/run.sh
2016-05-21 14:42:18.566741  run/process/grounding/factor/inf_imply_has_spouse_has_spouse/assign_weight_id/run.sh
2016-05-21 14:42:18.592247  run/process/grounding/factor/inf_istrue_has_spouse/assign_weight_id/run.sh
2016-05-21 14:42:18.626512  run/process/grounding/factor/inf1_imply_has_spouse_has_spouse/dump/run.sh
2016-05-21 14:42:18.649705  run/process/grounding/factor/inf_imply_has_spouse_has_spouse/dump/run.sh
2016-05-21 14:42:18.678802  run/process/grounding/factor/inf_istrue_has_spouse/dump/run.sh
2016-05-21 14:42:18.708773  run/process/grounding/factor/inf1_imply_has_spouse_has_spouse/dump_weights/run.sh
2016-05-21 14:42:18.736939  run/process/grounding/factor/inf_imply_has_spouse_has_spouse/dump_weights/run.sh
2016-05-21 14:42:18.762052  run/process/grounding/factor/inf_istrue_has_spouse/dump_weights/run.sh
2016-05-21 14:42:18.791023  run/process/grounding/combine_factorgraph/run.sh
2016-05-21 14:42:18.813671  run/process/model/learning/run.sh
2016-05-21 14:42:18.843256  run/process/model/inference/run.sh
2016-05-21 14:42:18.887541  run/process/model/load_weights/run.sh
2016-05-21 14:42:18.932068  run/process/model/load_probabilities/run.sh
2016-05-21 14:42:18.952095  run/process/model/calibration/run.sh
2016-05-21 14:42:18.984473  run/dataflow.dot
2016-05-21 14:42:19.014078  run/process/ext_person_mention_by_map_person_mention/run.sh
2016-05-21 14:42:19.050728  run/process/ext_sentences_by_nlp_markup/run.sh
2016-05-21 14:42:19.076357  run/process/ext_spouse_feature_by_extract_spouse_features/run.sh
2016-05-21 14:42:19.103026  run/process/ext_spouse_label__0_by_supervise/run.sh
2016-05-21 14:42:19.131906  run/process/ext_team_mention_by_map_team_mention/run.sh
2016-05-21 14:42:19.259083 Warning: Could not load "/Users/emerson/local/lib/bundled/graphviz/prefix/bin/../lib/graphviz/libgvplugin_pango.6.dylib" - file not found
2016-05-21 14:42:19.306985  run/dataflow.svg
2016-05-21 14:42:19.308896   (file:///Users/emerson/Documents/Github/deepdive/examples/Coach_NBA/run/dataflow.svg)
2016-05-21 14:42:19.315341 mv: cannot move ‘run/compiled’ to ‘run/compiled~’: Directory not empty
