2016-05-20 21:35:19.937011 ‘run/LATEST.COMPILE/213519.863315000’ -> ‘20160520/213519.863315000’
2016-05-20 21:35:19.937342 ‘run/RUNNING.COMPILE’ -> ‘20160520/213519.863315000’
2016-05-20 21:35:19.937381 Parsing DeepDive application (/Users/emerson/Documents/Github/deepdive/examples/Coach_NBA) to generate:
2016-05-20 21:35:19.937407  run/compiled/schema.json
2016-05-20 21:35:19.937430   from app.ddlog
2016-05-20 21:35:20.831009  run/compiled/deepdive.conf
2016-05-20 21:35:20.831209   from app.ddlog
2016-05-20 21:35:21.873330   from deepdive.conf
2016-05-20 21:35:21.882222  run/compiled/deepdive.conf.json
2016-05-20 21:35:22.266344 Performing sanity checks on run/compiled/deepdive.conf.json:
2016-05-20 21:35:22.330140  checking if input_extractors_well_defined
2016-05-20 21:35:22.330274  checking if input_schema_wellformed
2016-05-20 21:35:22.330833 Normalizing and adding built-in processes to the data flow to compile:
2016-05-20 21:35:22.331886  run/compiled/config-0.00-init_objects.json
2016-05-20 21:35:22.353119  run/compiled/config-0.01-parse_calibration.json
2016-05-20 21:35:22.377991  run/compiled/config-0.01-parse_schema.json
2016-05-20 21:35:22.410069  run/compiled/config-0.51-add_init_app.json
2016-05-20 21:35:22.442095  run/compiled/config-0.52-input_loader.json
2016-05-20 21:35:22.471260  run/compiled/config-1.00-qualified_names.json
2016-05-20 21:35:22.502140  run/compiled/config-1.01-parse_inference_rules.json
2016-05-20 21:35:22.551404  run/compiled/config-2.01-grounding.json
2016-05-20 21:35:22.659134  run/compiled/config-2.02-learning_inference.json
2016-05-20 21:35:22.699106  run/compiled/config-2.03-calibration_plots.json
2016-05-20 21:35:22.738124  run/compiled/config-9.98-ensure_init_app.json
2016-05-20 21:35:22.766292  run/compiled/config-9.99-dependencies.json
2016-05-20 21:35:22.806218  run/compiled/config.json
2016-05-20 21:35:22.810582 Validating run/compiled/config.json:
2016-05-20 21:35:22.948184  checking if compiled_base_relations_have_input_data
2016-05-20 21:35:22.948255  [WARNING] input/init.sh should load all base relations: articles spouses_dbpedia 
2016-05-20 21:35:22.948296  checking if compiled_dependencies_correct
2016-05-20 21:35:22.948320  checking if compiled_input_output_well_defined
2016-05-20 21:35:22.948341  checking if compiled_output_uniquely_defined
2016-05-20 21:35:22.948607 Compiling executable code into:
2016-05-20 21:35:22.948944  run/compiled/code-Makefile.json
2016-05-20 21:35:22.983102  run/compiled/code-cmd_extractor.json
2016-05-20 21:35:23.028814  run/compiled/code-dataflow_dot.json
2016-05-20 21:35:23.060741  run/compiled/code-sql_extractor.json
2016-05-20 21:35:23.090525  run/compiled/code-tsv_extractor.json
2016-05-20 21:35:23.119756 Generating files:
2016-05-20 21:35:23.163717  run/Makefile
2016-05-20 21:35:23.187363  run/process/init/app/run.sh
2016-05-20 21:35:23.214409  run/process/init/relation/articles/run.sh
2016-05-20 21:35:23.242063  run/process/init/relation/spouses_dbpedia/run.sh
2016-05-20 21:35:23.274431  run/process/ext_has_spouse/run.sh
2016-05-20 21:35:23.300213  run/process/ext_num_people/run.sh
2016-05-20 21:35:23.326087  run/process/ext_num_team/run.sh
2016-05-20 21:35:23.348697  run/process/ext_spouse_candidate/run.sh
2016-05-20 21:35:23.374132  run/process/ext_spouse_label/run.sh
2016-05-20 21:35:23.402346  run/process/ext_spouse_label_resolved/run.sh
2016-05-20 21:35:23.435087  run/process/grounding/variable_id_partition/run.sh
2016-05-20 21:35:23.468256  run/process/grounding/variable/has_spouse/assign_id/run.sh
2016-05-20 21:35:23.497675  run/process/grounding/variable_holdout/run.sh
2016-05-20 21:35:23.520081  run/process/grounding/variable/has_spouse/dump/run.sh
2016-05-20 21:35:23.549914  run/process/grounding/factor/inf1_imply_has_spouse_has_spouse/materialize/run.sh
2016-05-20 21:35:23.578634  run/process/grounding/factor/inf_imply_has_spouse_has_spouse/materialize/run.sh
2016-05-20 21:35:23.610766  run/process/grounding/factor/inf_istrue_has_spouse/materialize/run.sh
2016-05-20 21:35:23.650526  run/process/grounding/weight_id_partition/run.sh
2016-05-20 21:35:23.677768  run/process/grounding/global_weight_table/run.sh
2016-05-20 21:35:23.713278  run/process/grounding/factor/inf1_imply_has_spouse_has_spouse/assign_weight_id/run.sh
2016-05-20 21:35:23.737081  run/process/grounding/factor/inf_imply_has_spouse_has_spouse/assign_weight_id/run.sh
2016-05-20 21:35:23.766455  run/process/grounding/factor/inf_istrue_has_spouse/assign_weight_id/run.sh
2016-05-20 21:35:23.791388  run/process/grounding/factor/inf1_imply_has_spouse_has_spouse/dump/run.sh
2016-05-20 21:35:23.819682  run/process/grounding/factor/inf_imply_has_spouse_has_spouse/dump/run.sh
2016-05-20 21:35:23.845760  run/process/grounding/factor/inf_istrue_has_spouse/dump/run.sh
2016-05-20 21:35:23.883414  run/process/grounding/factor/inf1_imply_has_spouse_has_spouse/dump_weights/run.sh
2016-05-20 21:35:23.911414  run/process/grounding/factor/inf_imply_has_spouse_has_spouse/dump_weights/run.sh
2016-05-20 21:35:23.939060  run/process/grounding/factor/inf_istrue_has_spouse/dump_weights/run.sh
2016-05-20 21:35:23.966590  run/process/grounding/combine_factorgraph/run.sh
2016-05-20 21:35:23.993309  run/process/model/learning/run.sh
2016-05-20 21:35:24.024254  run/process/model/inference/run.sh
2016-05-20 21:35:24.060810  run/process/model/load_weights/run.sh
2016-05-20 21:35:24.083937  run/process/model/load_probabilities/run.sh
2016-05-20 21:35:24.111622  run/process/model/calibration/run.sh
2016-05-20 21:35:24.138214  run/dataflow.dot
2016-05-20 21:35:24.167057  run/process/ext_person_mention_by_map_person_mention/run.sh
2016-05-20 21:35:24.205499  run/process/ext_sentences_by_nlp_markup/run.sh
2016-05-20 21:35:24.237968  run/process/ext_spouse_feature_by_extract_spouse_features/run.sh
2016-05-20 21:35:24.265364  run/process/ext_spouse_label__0_by_supervise/run.sh
2016-05-20 21:35:24.297283  run/process/ext_team_mention_by_map_team_mention/run.sh
2016-05-20 21:35:24.373888 Warning: Could not load "/Users/emerson/local/lib/bundled/graphviz/prefix/bin/../lib/graphviz/libgvplugin_pango.6.dylib" - file not found
2016-05-20 21:35:24.385490  run/dataflow.svg
2016-05-20 21:35:24.386593   (file:///Users/emerson/Documents/Github/deepdive/examples/Coach_NBA/run/dataflow.svg)
2016-05-20 21:35:24.390651 mv: cannot move ‘run/compiled’ to ‘run/compiled~’: Directory not empty
