2016-06-02 23:28:43.793732 ‘run/LATEST.COMPILE/232843.675310000’ -> ‘20160602/232843.675310000’
2016-06-02 23:28:43.794330 ‘run/RUNNING.COMPILE’ -> ‘20160602/232843.675310000’
2016-06-02 23:28:43.794399 Parsing DeepDive application (/Users/emerson/Documents/Github/deepdive/examples/coach_nba) to generate:
2016-06-02 23:28:43.794454  run/compiled/schema.json
2016-06-02 23:28:43.794483   from app.ddlog
2016-06-02 23:28:45.384256  run/compiled/deepdive.conf
2016-06-02 23:28:45.384722   from app.ddlog
2016-06-02 23:28:46.463088   from deepdive.conf
2016-06-02 23:28:46.472245  run/compiled/deepdive.conf.json
2016-06-02 23:28:46.930410 Performing sanity checks on run/compiled/deepdive.conf.json:
2016-06-02 23:28:46.996909  checking if input_extractors_well_defined
2016-06-02 23:28:46.996966  checking if input_schema_wellformed
2016-06-02 23:28:46.997275 Normalizing and adding built-in processes to the data flow to compile:
2016-06-02 23:28:46.997906  run/compiled/config-0.00-init_objects.json
2016-06-02 23:28:47.019535  run/compiled/config-0.01-parse_calibration.json
2016-06-02 23:28:47.041648  run/compiled/config-0.01-parse_schema.json
2016-06-02 23:28:47.085132  run/compiled/config-0.51-add_init_app.json
2016-06-02 23:28:47.106701  run/compiled/config-0.52-input_loader.json
2016-06-02 23:28:47.135707  run/compiled/config-1.00-qualified_names.json
2016-06-02 23:28:47.166641  run/compiled/config-1.01-parse_inference_rules.json
2016-06-02 23:28:47.215931  run/compiled/config-2.01-grounding.json
2016-06-02 23:28:47.314637  run/compiled/config-2.02-learning_inference.json
2016-06-02 23:28:47.347348  run/compiled/config-2.03-calibration_plots.json
2016-06-02 23:28:47.387983  run/compiled/config-9.98-ensure_init_app.json
2016-06-02 23:28:47.419597  run/compiled/config-9.99-dependencies.json
2016-06-02 23:28:47.462182  run/compiled/config.json
2016-06-02 23:28:47.466530 Validating run/compiled/config.json:
2016-06-02 23:28:47.600568  checking if compiled_base_relations_have_input_data
2016-06-02 23:28:47.600632  [WARNING] input/init.sh should load all base relations: articles spouses_dbpedia spouses_dbpedia_negative 
2016-06-02 23:28:47.600659  checking if compiled_dependencies_correct
2016-06-02 23:28:47.600682  checking if compiled_input_output_well_defined
2016-06-02 23:28:47.600704  checking if compiled_output_uniquely_defined
2016-06-02 23:28:47.600947 Compiling executable code into:
2016-06-02 23:28:47.601258  run/compiled/code-Makefile.json
2016-06-02 23:28:47.633270  run/compiled/code-cmd_extractor.json
2016-06-02 23:28:47.678847  run/compiled/code-dataflow_dot.json
2016-06-02 23:28:47.719421  run/compiled/code-sql_extractor.json
2016-06-02 23:28:47.750564  run/compiled/code-tsv_extractor.json
2016-06-02 23:28:47.795454 Generating files:
2016-06-02 23:28:47.833809  run/Makefile
2016-06-02 23:28:47.867538  run/process/init/app/run.sh
2016-06-02 23:28:47.889733  run/process/init/relation/articles/run.sh
2016-06-02 23:28:47.917185  run/process/init/relation/spouses_dbpedia/run.sh
2016-06-02 23:28:47.945063  run/process/init/relation/spouses_dbpedia_negative/run.sh
2016-06-02 23:28:47.978362  run/process/ext_has_spouse/run.sh
2016-06-02 23:28:48.008419  run/process/ext_num_people/run.sh
2016-06-02 23:28:48.037035  run/process/ext_num_team/run.sh
2016-06-02 23:28:48.063801  run/process/ext_spouse_candidate/run.sh
2016-06-02 23:28:48.098394  run/process/ext_spouse_label/run.sh
2016-06-02 23:28:48.123968  run/process/ext_spouse_label_resolved/run.sh
2016-06-02 23:28:48.158885  run/process/grounding/variable_id_partition/run.sh
2016-06-02 23:28:48.186153  run/process/grounding/variable/has_spouse/assign_id/run.sh
2016-06-02 23:28:48.217881  run/process/grounding/variable_holdout/run.sh
2016-06-02 23:28:48.242994  run/process/grounding/variable/has_spouse/dump/run.sh
2016-06-02 23:28:48.274108  run/process/grounding/factor/inf1_istrue_has_spouse/materialize/run.sh
2016-06-02 23:28:48.301202  run/process/grounding/factor/inf_imply_has_spouse_has_spouse/materialize/run.sh
2016-06-02 23:28:48.326896  run/process/grounding/factor/inf_istrue_has_spouse/materialize/run.sh
2016-06-02 23:28:48.354876  run/process/grounding/weight_id_partition/run.sh
2016-06-02 23:28:48.389636  run/process/grounding/global_weight_table/run.sh
2016-06-02 23:28:48.415990  run/process/grounding/factor/inf1_istrue_has_spouse/assign_weight_id/run.sh
2016-06-02 23:28:48.442590  run/process/grounding/factor/inf_imply_has_spouse_has_spouse/assign_weight_id/run.sh
2016-06-02 23:28:48.466736  run/process/grounding/factor/inf_istrue_has_spouse/assign_weight_id/run.sh
2016-06-02 23:28:48.493611  run/process/grounding/factor/inf1_istrue_has_spouse/dump/run.sh
2016-06-02 23:28:48.518661  run/process/grounding/factor/inf_imply_has_spouse_has_spouse/dump/run.sh
2016-06-02 23:28:48.544771  run/process/grounding/factor/inf_istrue_has_spouse/dump/run.sh
2016-06-02 23:28:48.569974  run/process/grounding/factor/inf1_istrue_has_spouse/dump_weights/run.sh
2016-06-02 23:28:48.597088  run/process/grounding/factor/inf_imply_has_spouse_has_spouse/dump_weights/run.sh
2016-06-02 23:28:48.621504  run/process/grounding/factor/inf_istrue_has_spouse/dump_weights/run.sh
2016-06-02 23:28:48.655139  run/process/grounding/combine_factorgraph/run.sh
2016-06-02 23:28:48.681355  run/process/model/learning/run.sh
2016-06-02 23:28:48.712065  run/process/model/inference/run.sh
2016-06-02 23:28:48.735448  run/process/model/load_weights/run.sh
2016-06-02 23:28:48.767898  run/process/model/load_probabilities/run.sh
2016-06-02 23:28:48.798890  run/process/model/calibration/run.sh
2016-06-02 23:28:48.840887  run/dataflow.dot
2016-06-02 23:28:48.861840  run/process/ext_person_mention_by_map_person_mention/run.sh
2016-06-02 23:28:48.893420  run/process/ext_sentences_by_nlp_markup/run.sh
2016-06-02 23:28:48.921445  run/process/ext_spouse_feature_by_extract_spouse_features/run.sh
2016-06-02 23:28:48.948662  run/process/ext_spouse_label__0_by_supervise/run.sh
2016-06-02 23:28:48.979537  run/process/ext_team_mention_by_map_team_mention/run.sh
2016-06-02 23:28:49.065463 Warning: Could not load "/Users/emerson/local/lib/bundled/graphviz/prefix/bin/../lib/graphviz/libgvplugin_pango.6.dylib" - file not found
2016-06-02 23:28:49.085931  run/dataflow.svg
2016-06-02 23:28:49.087118   (file:///Users/emerson/Documents/Github/deepdive/examples/coach_nba/run/dataflow.svg)
2016-06-02 23:28:49.091055 mv: cannot move ‘run/compiled’ to ‘run/compiled~’: Directory not empty
