2016-05-21 12:23:33.777481 ‘run/LATEST.COMPILE/122333.652227000’ -> ‘20160521/122333.652227000’
2016-05-21 12:23:33.777809 ‘run/RUNNING.COMPILE’ -> ‘20160521/122333.652227000’
2016-05-21 12:23:33.777862 Parsing DeepDive application (/Users/emerson/Documents/Github/deepdive/examples/Coach_NBA) to generate:
2016-05-21 12:23:33.777894  run/compiled/schema.json
2016-05-21 12:23:33.777917   from app.ddlog
2016-05-21 12:23:35.159690  run/compiled/deepdive.conf
2016-05-21 12:23:35.159916   from app.ddlog
2016-05-21 12:23:37.179387   from deepdive.conf
2016-05-21 12:23:37.192301  run/compiled/deepdive.conf.json
2016-05-21 12:23:37.974996 Performing sanity checks on run/compiled/deepdive.conf.json:
2016-05-21 12:23:38.087095  checking if input_extractors_well_defined
2016-05-21 12:23:38.087177  checking if input_schema_wellformed
2016-05-21 12:23:38.087575 Normalizing and adding built-in processes to the data flow to compile:
2016-05-21 12:23:38.088298  run/compiled/config-0.00-init_objects.json
2016-05-21 12:23:38.133531  run/compiled/config-0.01-parse_calibration.json
2016-05-21 12:23:38.186418  run/compiled/config-0.01-parse_schema.json
2016-05-21 12:23:38.250874  run/compiled/config-0.51-add_init_app.json
2016-05-21 12:23:38.301651  run/compiled/config-0.52-input_loader.json
2016-05-21 12:23:38.339231  run/compiled/config-1.00-qualified_names.json
2016-05-21 12:23:38.408887  run/compiled/config-1.01-parse_inference_rules.json
2016-05-21 12:23:38.485222  run/compiled/config-2.01-grounding.json
2016-05-21 12:23:38.719729  run/compiled/config-2.02-learning_inference.json
2016-05-21 12:23:38.776511  run/compiled/config-2.03-calibration_plots.json
2016-05-21 12:23:38.837469  run/compiled/config-9.98-ensure_init_app.json
2016-05-21 12:23:38.891083  run/compiled/config-9.99-dependencies.json
2016-05-21 12:23:38.954136  run/compiled/config.json
2016-05-21 12:23:38.960192 Validating run/compiled/config.json:
2016-05-21 12:23:39.128762  checking if compiled_base_relations_have_input_data
2016-05-21 12:23:39.128827  [WARNING] input/init.sh should load all base relations: articles spouses_dbpedia 
2016-05-21 12:23:39.128851  checking if compiled_dependencies_correct
2016-05-21 12:23:39.128873  checking if compiled_input_output_well_defined
2016-05-21 12:23:39.128892  checking if compiled_output_uniquely_defined
2016-05-21 12:23:39.129152 Compiling executable code into:
2016-05-21 12:23:39.129536  run/compiled/code-Makefile.json
2016-05-21 12:23:39.172272  run/compiled/code-cmd_extractor.json
2016-05-21 12:23:39.215898  run/compiled/code-dataflow_dot.json
2016-05-21 12:23:39.271140  run/compiled/code-sql_extractor.json
2016-05-21 12:23:39.296343  run/compiled/code-tsv_extractor.json
2016-05-21 12:23:39.339877 Generating files:
2016-05-21 12:23:39.390076  run/Makefile
2016-05-21 12:23:39.431391  run/process/init/app/run.sh
2016-05-21 12:23:39.470345  run/process/init/relation/articles/run.sh
2016-05-21 12:23:39.498587  run/process/init/relation/spouses_dbpedia/run.sh
2016-05-21 12:23:39.524330  run/process/ext_has_spouse/run.sh
2016-05-21 12:23:39.559501  run/process/ext_num_people/run.sh
2016-05-21 12:23:39.598960  run/process/ext_num_team/run.sh
2016-05-21 12:23:39.627657  run/process/ext_spouse_candidate/run.sh
2016-05-21 12:23:39.651082  run/process/ext_spouse_label/run.sh
2016-05-21 12:23:39.676090  run/process/ext_spouse_label_resolved/run.sh
2016-05-21 12:23:39.704587  run/process/grounding/variable_id_partition/run.sh
2016-05-21 12:23:39.729317  run/process/grounding/variable/has_spouse/assign_id/run.sh
2016-05-21 12:23:39.753474  run/process/grounding/variable_holdout/run.sh
2016-05-21 12:23:39.776455  run/process/grounding/variable/has_spouse/dump/run.sh
2016-05-21 12:23:39.809316  run/process/grounding/factor/inf1_imply_has_spouse_has_spouse/materialize/run.sh
2016-05-21 12:23:39.834187  run/process/grounding/factor/inf_imply_has_spouse_has_spouse/materialize/run.sh
2016-05-21 12:23:39.860875  run/process/grounding/factor/inf_istrue_has_spouse/materialize/run.sh
2016-05-21 12:23:39.885808  run/process/grounding/weight_id_partition/run.sh
2016-05-21 12:23:39.909564  run/process/grounding/global_weight_table/run.sh
2016-05-21 12:23:39.930246  run/process/grounding/factor/inf1_imply_has_spouse_has_spouse/assign_weight_id/run.sh
2016-05-21 12:23:39.953659  run/process/grounding/factor/inf_imply_has_spouse_has_spouse/assign_weight_id/run.sh
2016-05-21 12:23:39.990774  run/process/grounding/factor/inf_istrue_has_spouse/assign_weight_id/run.sh
2016-05-21 12:23:40.015631  run/process/grounding/factor/inf1_imply_has_spouse_has_spouse/dump/run.sh
2016-05-21 12:23:40.045581  run/process/grounding/factor/inf_imply_has_spouse_has_spouse/dump/run.sh
2016-05-21 12:23:40.071475  run/process/grounding/factor/inf_istrue_has_spouse/dump/run.sh
2016-05-21 12:23:40.101358  run/process/grounding/factor/inf1_imply_has_spouse_has_spouse/dump_weights/run.sh
2016-05-21 12:23:40.127997  run/process/grounding/factor/inf_imply_has_spouse_has_spouse/dump_weights/run.sh
2016-05-21 12:23:40.153822  run/process/grounding/factor/inf_istrue_has_spouse/dump_weights/run.sh
2016-05-21 12:23:40.178115  run/process/grounding/combine_factorgraph/run.sh
2016-05-21 12:23:40.212487  run/process/model/learning/run.sh
2016-05-21 12:23:40.237126  run/process/model/inference/run.sh
2016-05-21 12:23:40.267077  run/process/model/load_weights/run.sh
2016-05-21 12:23:40.293606  run/process/model/load_probabilities/run.sh
2016-05-21 12:23:40.316375  run/process/model/calibration/run.sh
2016-05-21 12:23:40.353229  run/dataflow.dot
2016-05-21 12:23:40.374753  run/process/ext_person_mention_by_map_person_mention/run.sh
2016-05-21 12:23:40.401657  run/process/ext_sentences_by_nlp_markup/run.sh
2016-05-21 12:23:40.432313  run/process/ext_spouse_feature_by_extract_spouse_features/run.sh
2016-05-21 12:23:40.459224  run/process/ext_spouse_label__0_by_supervise/run.sh
2016-05-21 12:23:40.483637  run/process/ext_team_mention_by_map_team_mention/run.sh
2016-05-21 12:23:40.663596 Warning: Could not load "/Users/emerson/local/lib/bundled/graphviz/prefix/bin/../lib/graphviz/libgvplugin_pango.6.dylib" - file not found
2016-05-21 12:23:40.732600  run/dataflow.svg
2016-05-21 12:23:40.733859   (file:///Users/emerson/Documents/Github/deepdive/examples/Coach_NBA/run/dataflow.svg)
2016-05-21 12:23:40.738751 mv: cannot move ‘run/compiled’ to ‘run/compiled~’: Directory not empty
