2016-05-29 17:26:21.980596 ‘run/LATEST.COMPILE/172621.904249000’ -> ‘20160529/172621.904249000’
2016-05-29 17:26:21.980966 ‘run/RUNNING.COMPILE’ -> ‘20160529/172621.904249000’
2016-05-29 17:26:21.981001 Parsing DeepDive application (/Users/emerson/Documents/Github/deepdive/examples/coach_nba) to generate:
2016-05-29 17:26:21.981026  run/compiled/schema.json
2016-05-29 17:26:21.981045   from app.ddlog
2016-05-29 17:26:22.835952  run/compiled/deepdive.conf
2016-05-29 17:26:22.836135   from app.ddlog
2016-05-29 17:26:23.877832   from deepdive.conf
2016-05-29 17:26:23.886565  run/compiled/deepdive.conf.json
2016-05-29 17:26:24.333305 Performing sanity checks on run/compiled/deepdive.conf.json:
2016-05-29 17:26:24.397984  checking if input_extractors_well_defined
2016-05-29 17:26:24.398068  checking if input_schema_wellformed
2016-05-29 17:26:24.398373 Normalizing and adding built-in processes to the data flow to compile:
2016-05-29 17:26:24.398825  run/compiled/config-0.00-init_objects.json
2016-05-29 17:26:24.419820  run/compiled/config-0.01-parse_calibration.json
2016-05-29 17:26:24.446175  run/compiled/config-0.01-parse_schema.json
2016-05-29 17:26:24.482526  run/compiled/config-0.51-add_init_app.json
2016-05-29 17:26:24.509757  run/compiled/config-0.52-input_loader.json
2016-05-29 17:26:24.536691  run/compiled/config-1.00-qualified_names.json
2016-05-29 17:26:24.571507  run/compiled/config-1.01-parse_inference_rules.json
2016-05-29 17:26:24.618614  run/compiled/config-2.01-grounding.json
2016-05-29 17:26:24.719399  run/compiled/config-2.02-learning_inference.json
2016-05-29 17:26:24.753758  run/compiled/config-2.03-calibration_plots.json
2016-05-29 17:26:24.801265  run/compiled/config-9.98-ensure_init_app.json
2016-05-29 17:26:24.838491  run/compiled/config-9.99-dependencies.json
2016-05-29 17:26:24.881509  run/compiled/config.json
2016-05-29 17:26:24.886555 Validating run/compiled/config.json:
2016-05-29 17:26:25.025188  checking if compiled_base_relations_have_input_data
2016-05-29 17:26:25.025253  [WARNING] input/init.sh should load all base relations: articles spouses_dbpedia spouses_dbpedia_negative 
2016-05-29 17:26:25.025289  checking if compiled_dependencies_correct
2016-05-29 17:26:25.025310  checking if compiled_input_output_well_defined
2016-05-29 17:26:25.025330  checking if compiled_output_uniquely_defined
2016-05-29 17:26:25.025599 Compiling executable code into:
2016-05-29 17:26:25.025944  run/compiled/code-Makefile.json
2016-05-29 17:26:25.060928  run/compiled/code-cmd_extractor.json
2016-05-29 17:26:25.093203  run/compiled/code-dataflow_dot.json
2016-05-29 17:26:25.128791  run/compiled/code-sql_extractor.json
2016-05-29 17:26:25.153684  run/compiled/code-tsv_extractor.json
2016-05-29 17:26:25.183338 Generating files:
2016-05-29 17:26:25.217940  run/Makefile
2016-05-29 17:26:25.245981  run/process/init/app/run.sh
2016-05-29 17:26:25.272163  run/process/init/relation/articles/run.sh
2016-05-29 17:26:25.300102  run/process/init/relation/spouses_dbpedia/run.sh
2016-05-29 17:26:25.321617  run/process/init/relation/spouses_dbpedia_negative/run.sh
2016-05-29 17:26:25.348620  run/process/ext_has_spouse/run.sh
2016-05-29 17:26:25.372435  run/process/ext_num_people/run.sh
2016-05-29 17:26:25.394387  run/process/ext_num_team/run.sh
2016-05-29 17:26:25.425859  run/process/ext_spouse_candidate/run.sh
2016-05-29 17:26:25.448712  run/process/ext_spouse_label/run.sh
2016-05-29 17:26:25.472948  run/process/ext_spouse_label_resolved/run.sh
2016-05-29 17:26:25.497056  run/process/grounding/variable_id_partition/run.sh
2016-05-29 17:26:25.521425  run/process/grounding/variable/has_spouse/assign_id/run.sh
2016-05-29 17:26:25.555124  run/process/grounding/variable_holdout/run.sh
2016-05-29 17:26:25.590920  run/process/grounding/variable/has_spouse/dump/run.sh
2016-05-29 17:26:25.613761  run/process/grounding/factor/inf1_istrue_has_spouse/materialize/run.sh
2016-05-29 17:26:25.638557  run/process/grounding/factor/inf_imply_has_spouse_has_spouse/materialize/run.sh
2016-05-29 17:26:25.662642  run/process/grounding/factor/inf_istrue_has_spouse/materialize/run.sh
2016-05-29 17:26:25.685147  run/process/grounding/weight_id_partition/run.sh
2016-05-29 17:26:25.713486  run/process/grounding/global_weight_table/run.sh
2016-05-29 17:26:25.748413  run/process/grounding/factor/inf1_istrue_has_spouse/assign_weight_id/run.sh
2016-05-29 17:26:25.768523  run/process/grounding/factor/inf_imply_has_spouse_has_spouse/assign_weight_id/run.sh
2016-05-29 17:26:25.793099  run/process/grounding/factor/inf_istrue_has_spouse/assign_weight_id/run.sh
2016-05-29 17:26:25.817603  run/process/grounding/factor/inf1_istrue_has_spouse/dump/run.sh
2016-05-29 17:26:25.837826  run/process/grounding/factor/inf_imply_has_spouse_has_spouse/dump/run.sh
2016-05-29 17:26:25.868303  run/process/grounding/factor/inf_istrue_has_spouse/dump/run.sh
2016-05-29 17:26:25.892672  run/process/grounding/factor/inf1_istrue_has_spouse/dump_weights/run.sh
2016-05-29 17:26:25.916521  run/process/grounding/factor/inf_imply_has_spouse_has_spouse/dump_weights/run.sh
2016-05-29 17:26:25.940732  run/process/grounding/factor/inf_istrue_has_spouse/dump_weights/run.sh
2016-05-29 17:26:25.966368  run/process/grounding/combine_factorgraph/run.sh
2016-05-29 17:26:25.993132  run/process/model/learning/run.sh
2016-05-29 17:26:26.025149  run/process/model/inference/run.sh
2016-05-29 17:26:26.051721  run/process/model/load_weights/run.sh
2016-05-29 17:26:26.082319  run/process/model/load_probabilities/run.sh
2016-05-29 17:26:26.103023  run/process/model/calibration/run.sh
2016-05-29 17:26:26.131195  run/dataflow.dot
2016-05-29 17:26:26.153210  run/process/ext_person_mention_by_map_person_mention/run.sh
2016-05-29 17:26:26.182474  run/process/ext_sentences_by_nlp_markup/run.sh
2016-05-29 17:26:26.209413  run/process/ext_spouse_feature_by_extract_spouse_features/run.sh
2016-05-29 17:26:26.243192  run/process/ext_spouse_label__0_by_supervise/run.sh
2016-05-29 17:26:26.281400  run/process/ext_team_mention_by_map_team_mention/run.sh
2016-05-29 17:26:26.375323 Warning: Could not load "/Users/emerson/local/lib/bundled/graphviz/prefix/bin/../lib/graphviz/libgvplugin_pango.6.dylib" - file not found
2016-05-29 17:26:26.393254  run/dataflow.svg
2016-05-29 17:26:26.394479   (file:///Users/emerson/Documents/Github/deepdive/examples/coach_nba/run/dataflow.svg)
2016-05-29 17:26:26.398080 mv: cannot move ‘run/compiled’ to ‘run/compiled~’: Directory not empty
