2016-05-20 22:17:33.534802 ‘run/LATEST.COMPILE/221733.459378000’ -> ‘20160520/221733.459378000’
2016-05-20 22:17:33.535095 ‘run/RUNNING.COMPILE’ -> ‘20160520/221733.459378000’
2016-05-20 22:17:33.535123 Parsing DeepDive application (/Users/emerson/Documents/Github/deepdive/examples/Coach_NBA) to generate:
2016-05-20 22:17:33.535146  run/compiled/schema.json
2016-05-20 22:17:33.535167   from app.ddlog
2016-05-20 22:17:34.470812  run/compiled/deepdive.conf
2016-05-20 22:17:34.471049   from app.ddlog
2016-05-20 22:17:35.447855   from deepdive.conf
2016-05-20 22:17:35.457033  run/compiled/deepdive.conf.json
2016-05-20 22:17:35.857142 Performing sanity checks on run/compiled/deepdive.conf.json:
2016-05-20 22:17:35.924726  checking if input_extractors_well_defined
2016-05-20 22:17:35.924799  checking if input_schema_wellformed
2016-05-20 22:17:35.925168 Normalizing and adding built-in processes to the data flow to compile:
2016-05-20 22:17:35.925654  run/compiled/config-0.00-init_objects.json
2016-05-20 22:17:35.946904  run/compiled/config-0.01-parse_calibration.json
2016-05-20 22:17:35.968760  run/compiled/config-0.01-parse_schema.json
2016-05-20 22:17:36.010863  run/compiled/config-0.51-add_init_app.json
2016-05-20 22:17:36.038016  run/compiled/config-0.52-input_loader.json
2016-05-20 22:17:36.073552  run/compiled/config-1.00-qualified_names.json
2016-05-20 22:17:36.104371  run/compiled/config-1.01-parse_inference_rules.json
2016-05-20 22:17:36.154540  run/compiled/config-2.01-grounding.json
2016-05-20 22:17:36.264822  run/compiled/config-2.02-learning_inference.json
2016-05-20 22:17:36.303289  run/compiled/config-2.03-calibration_plots.json
2016-05-20 22:17:36.346266  run/compiled/config-9.98-ensure_init_app.json
2016-05-20 22:17:36.387908  run/compiled/config-9.99-dependencies.json
2016-05-20 22:17:36.429227  run/compiled/config.json
2016-05-20 22:17:36.436771 Validating run/compiled/config.json:
2016-05-20 22:17:36.590944  checking if compiled_base_relations_have_input_data
2016-05-20 22:17:36.591018  [WARNING] input/init.sh should load all base relations: articles spouses_dbpedia 
2016-05-20 22:17:36.591058  checking if compiled_dependencies_correct
2016-05-20 22:17:36.591085  checking if compiled_input_output_well_defined
2016-05-20 22:17:36.591105  checking if compiled_output_uniquely_defined
2016-05-20 22:17:36.591446 Compiling executable code into:
2016-05-20 22:17:36.591828  run/compiled/code-Makefile.json
2016-05-20 22:17:36.628612  run/compiled/code-cmd_extractor.json
2016-05-20 22:17:36.685749  run/compiled/code-dataflow_dot.json
2016-05-20 22:17:36.745880  run/compiled/code-sql_extractor.json
2016-05-20 22:17:36.791232  run/compiled/code-tsv_extractor.json
2016-05-20 22:17:36.857227 Generating files:
2016-05-20 22:17:36.900238  run/Makefile
2016-05-20 22:17:36.941015  run/process/init/app/run.sh
2016-05-20 22:17:36.983886  run/process/init/relation/articles/run.sh
2016-05-20 22:17:37.014996  run/process/init/relation/spouses_dbpedia/run.sh
2016-05-20 22:17:37.041344  run/process/ext_has_spouse/run.sh
2016-05-20 22:17:37.066857  run/process/ext_num_people/run.sh
2016-05-20 22:17:37.093509  run/process/ext_num_team/run.sh
2016-05-20 22:17:37.131729  run/process/ext_spouse_candidate/run.sh
2016-05-20 22:17:37.170097  run/process/ext_spouse_label/run.sh
2016-05-20 22:17:37.196257  run/process/ext_spouse_label_resolved/run.sh
2016-05-20 22:17:37.225848  run/process/grounding/variable_id_partition/run.sh
2016-05-20 22:17:37.250832  run/process/grounding/variable/has_spouse/assign_id/run.sh
2016-05-20 22:17:37.280750  run/process/grounding/variable_holdout/run.sh
2016-05-20 22:17:37.311946  run/process/grounding/variable/has_spouse/dump/run.sh
2016-05-20 22:17:37.343273  run/process/grounding/factor/inf1_imply_has_spouse_has_spouse/materialize/run.sh
2016-05-20 22:17:37.372268  run/process/grounding/factor/inf_imply_has_spouse_has_spouse/materialize/run.sh
2016-05-20 22:17:37.399276  run/process/grounding/factor/inf_istrue_has_spouse/materialize/run.sh
2016-05-20 22:17:37.427816  run/process/grounding/weight_id_partition/run.sh
2016-05-20 22:17:37.456765  run/process/grounding/global_weight_table/run.sh
2016-05-20 22:17:37.484876  run/process/grounding/factor/inf1_imply_has_spouse_has_spouse/assign_weight_id/run.sh
2016-05-20 22:17:37.513231  run/process/grounding/factor/inf_imply_has_spouse_has_spouse/assign_weight_id/run.sh
2016-05-20 22:17:37.543716  run/process/grounding/factor/inf_istrue_has_spouse/assign_weight_id/run.sh
2016-05-20 22:17:37.581603  run/process/grounding/factor/inf1_imply_has_spouse_has_spouse/dump/run.sh
2016-05-20 22:17:37.606111  run/process/grounding/factor/inf_imply_has_spouse_has_spouse/dump/run.sh
2016-05-20 22:17:37.636812  run/process/grounding/factor/inf_istrue_has_spouse/dump/run.sh
2016-05-20 22:17:37.662848  run/process/grounding/factor/inf1_imply_has_spouse_has_spouse/dump_weights/run.sh
2016-05-20 22:17:37.693078  run/process/grounding/factor/inf_imply_has_spouse_has_spouse/dump_weights/run.sh
2016-05-20 22:17:37.725025  run/process/grounding/factor/inf_istrue_has_spouse/dump_weights/run.sh
2016-05-20 22:17:37.756675  run/process/grounding/combine_factorgraph/run.sh
2016-05-20 22:17:37.785276  run/process/model/learning/run.sh
2016-05-20 22:17:37.813614  run/process/model/inference/run.sh
2016-05-20 22:17:37.843706  run/process/model/load_weights/run.sh
2016-05-20 22:17:37.880146  run/process/model/load_probabilities/run.sh
2016-05-20 22:17:37.909184  run/process/model/calibration/run.sh
2016-05-20 22:17:37.944940  run/dataflow.dot
2016-05-20 22:17:37.967686  run/process/ext_person_mention_by_map_person_mention/run.sh
2016-05-20 22:17:37.996281  run/process/ext_sentences_by_nlp_markup/run.sh
2016-05-20 22:17:38.036721  run/process/ext_spouse_feature_by_extract_spouse_features/run.sh
2016-05-20 22:17:38.060982  run/process/ext_spouse_label__0_by_supervise/run.sh
2016-05-20 22:17:38.091660  run/process/ext_team_mention_by_map_team_mention/run.sh
2016-05-20 22:17:38.173808 Warning: Could not load "/Users/emerson/local/lib/bundled/graphviz/prefix/bin/../lib/graphviz/libgvplugin_pango.6.dylib" - file not found
2016-05-20 22:17:38.188995  run/dataflow.svg
2016-05-20 22:17:38.190197   (file:///Users/emerson/Documents/Github/deepdive/examples/Coach_NBA/run/dataflow.svg)
2016-05-20 22:17:38.194861 mv: cannot move ‘run/compiled’ to ‘run/compiled~’: Directory not empty
