2016-05-22 12:13:46.019731 # on eduroam-169-233-210-202.ucsc.edu: deepdive do person_mention
2016-05-22 12:13:46.020039 # run/20160522/121344.408519000/plan.sh
2016-05-22 12:13:46.020073 # execution plan for data/person_mention
2016-05-22 12:13:46.020096 
2016-05-22 12:13:46.020116 : ## process/init/app ##########################################################
2016-05-22 12:13:46.020136 : # Done: 2016-05-22T11:25:05-0700 (48m 39s ago)
2016-05-22 12:13:46.020153 : process/init/app/run.sh
2016-05-22 12:13:46.020172 : mark_done process/init/app
2016-05-22 12:13:46.020191 : ##############################################################################
2016-05-22 12:13:46.020211 
2016-05-22 12:13:46.020231 : ## process/init/relation/articles ############################################
2016-05-22 12:13:46.020249 : # Done: 2016-05-22T11:55:52-0700 (17m 52s ago)
2016-05-22 12:13:46.020268 : process/init/relation/articles/run.sh
2016-05-22 12:13:46.020286 : mark_done process/init/relation/articles
2016-05-22 12:13:46.020304 : ##############################################################################
2016-05-22 12:13:46.020322 
2016-05-22 12:13:46.020340 : ## data/articles #############################################################
2016-05-22 12:13:46.020358 : # Done: 2016-05-22T11:55:52-0700 (17m 52s ago)
2016-05-22 12:13:46.020379 : # no-op
2016-05-22 12:13:46.020399 : mark_done data/articles
2016-05-22 12:13:46.020419 : ##############################################################################
2016-05-22 12:13:46.020439 
2016-05-22 12:13:46.020458 : ## process/ext_sentences_by_nlp_markup #######################################
2016-05-22 12:13:46.020476 : # Done: 2016-05-22T11:57:59-0700 (15m 45s ago)
2016-05-22 12:13:46.020494 : process/ext_sentences_by_nlp_markup/run.sh
2016-05-22 12:13:46.020512 : mark_done process/ext_sentences_by_nlp_markup
2016-05-22 12:13:46.020533 : ##############################################################################
2016-05-22 12:13:46.020554 
2016-05-22 12:13:46.020575 : ## data/sentences ############################################################
2016-05-22 12:13:46.020595 : # Done: 2016-05-22T11:57:59-0700 (15m 45s ago)
2016-05-22 12:13:46.020614 : # no-op
2016-05-22 12:13:46.020632 : mark_done data/sentences
2016-05-22 12:13:46.020651 : ##############################################################################
2016-05-22 12:13:46.020671 
2016-05-22 12:13:46.020691 ## process/ext_person_mention_by_map_person_mention ##########################
2016-05-22 12:13:46.020711 # Done: 2016-05-22T11:26:26-0700 (47m 18s ago)
2016-05-22 12:13:46.020731 process/ext_person_mention_by_map_person_mention/run.sh
2016-05-22 12:13:46.020748 ++ dirname process/ext_person_mention_by_map_person_mention/run.sh
2016-05-22 12:13:46.020766 + cd process/ext_person_mention_by_map_person_mention
2016-05-22 12:13:46.020788 + export DEEPDIVE_CURRENT_PROCESS_NAME=process/ext_person_mention_by_map_person_mention
2016-05-22 12:13:46.020809 + DEEPDIVE_CURRENT_PROCESS_NAME=process/ext_person_mention_by_map_person_mention
2016-05-22 12:13:46.020829 + export DEEPDIVE_LOAD_FORMAT=tsv
2016-05-22 12:13:46.020849 + DEEPDIVE_LOAD_FORMAT=tsv
2016-05-22 12:13:46.020868 + deepdive compute execute 'input_sql= SELECT R0.doc_id AS "sentences.R0.doc_id", R0.sentence_index AS "sentences.R0.sentence_index", R0.tokens AS "sentences.R0.tokens", R0.ner_tags AS "sentences.R0.ner_tags"
2016-05-22 12:13:46.020887 FROM sentences R0
2016-05-22 12:13:46.020908         
2016-05-22 12:13:46.020929           ' 'command="$DEEPDIVE_APP"/udf/map_person_mention.py' output_relation=person_mention
2016-05-22 12:13:46.068126 Executing with the following configuration:
2016-05-22 12:13:46.068174  DEEPDIVE_NUM_PROCESSES=3
2016-05-22 12:13:46.068191  DEEPDIVE_NUM_PARALLEL_UNLOADS=1
2016-05-22 12:13:46.068212  DEEPDIVE_NUM_PARALLEL_LOADS=1
2016-05-22 12:13:46.068264  output_relation_tmp=dd_tmp_person_mention
2016-05-22 12:13:46.068289 
2016-05-22 12:13:46.241375 NOTICE:  drop cascades to view num_people
2016-05-22 12:13:46.279527 CREATE TABLE
2016-05-22 12:13:46.405263 CREATE TABLE
2016-05-22 12:13:46.593803 unloading to feed_processes-1: ' SELECT R0.doc_id AS "sentences.R0.doc_id", R0.sentence_index AS "sentences.R0.sentence_index", R0.tokens AS "sentences.R0.tokens", R0.ner_tags AS "sentences.R0.ner_tags"
2016-05-22 12:13:46.593873 FROM sentences R0
2016-05-22 12:13:46.593898         
2016-05-22 12:13:46.593923           '
2016-05-22 12:13:46.650910 Loading dd_tmp_person_mention from output_computed-1 (tsv format)
2016-05-22 12:13:47.039016 COPY 151
2016-05-22 12:13:47.045499 Replacing person_mention with dd_tmp_person_mention
2016-05-22 12:13:47.127677 DROP TABLE
2016-05-22 12:13:47.212908 ALTER TABLE
2016-05-22 12:13:47.303128 ALTER TABLE
2016-05-22 12:13:47.393046 DROP TABLE
2016-05-22 12:13:47.440815 ANALYZE
2016-05-22 12:13:47.448764 mark_done process/ext_person_mention_by_map_person_mention
2016-05-22 12:13:47.470148 ##############################################################################
2016-05-22 12:13:47.470215 
2016-05-22 12:13:47.470244 ## data/person_mention #######################################################
2016-05-22 12:13:47.470268 # Done: 2016-05-22T11:26:26-0700 (47m 18s ago)
2016-05-22 12:13:47.470288 # no-op
2016-05-22 12:13:47.470365 mark_done data/person_mention
2016-05-22 12:13:47.494675 ##############################################################################
2016-05-22 12:13:47.494746 
