2016-05-20 18:08:45.015452 ‘run/LATEST.COMPILE/180844.942265000’ -> ‘20160520/180844.942265000’
2016-05-20 18:08:45.015791 ‘run/RUNNING.COMPILE’ -> ‘20160520/180844.942265000’
2016-05-20 18:08:45.015814 Parsing DeepDive application (/Users/emerson/Documents/Github/deepdive/examples/Coach_NBA) to generate:
2016-05-20 18:08:45.015828  run/compiled/schema.json
2016-05-20 18:08:45.015840   from app.ddlog
2016-05-20 18:08:46.051038  run/compiled/deepdive.conf
2016-05-20 18:08:46.051357   from app.ddlog
2016-05-20 18:08:47.095338   from deepdive.conf
2016-05-20 18:08:47.105893  run/compiled/deepdive.conf.json
2016-05-20 18:08:47.644613 Performing sanity checks on run/compiled/deepdive.conf.json:
2016-05-20 18:08:47.714851  checking if input_extractors_well_defined
2016-05-20 18:08:47.714918  checking if input_schema_wellformed
2016-05-20 18:08:47.715292 Normalizing and adding built-in processes to the data flow to compile:
2016-05-20 18:08:47.715732  run/compiled/config-0.00-init_objects.json
2016-05-20 18:08:47.739452  run/compiled/config-0.01-parse_calibration.json
2016-05-20 18:08:47.767510  run/compiled/config-0.01-parse_schema.json
2016-05-20 18:08:47.823280  run/compiled/config-0.51-add_init_app.json
2016-05-20 18:08:47.853425  run/compiled/config-0.52-input_loader.json
2016-05-20 18:08:47.890551  run/compiled/config-1.00-qualified_names.json
2016-05-20 18:08:47.921795  run/compiled/config-1.01-parse_inference_rules.json
2016-05-20 18:08:47.973512  run/compiled/config-2.01-grounding.json
2016-05-20 18:08:48.100964  run/compiled/config-2.02-learning_inference.json
2016-05-20 18:08:48.140002  run/compiled/config-2.03-calibration_plots.json
2016-05-20 18:08:48.208355  run/compiled/config-9.98-ensure_init_app.json
2016-05-20 18:08:48.287548  run/compiled/config-9.99-dependencies.json
2016-05-20 18:08:48.362756  run/compiled/config.json
2016-05-20 18:08:48.366723 Validating run/compiled/config.json:
2016-05-20 18:08:48.513178  checking if compiled_base_relations_have_input_data
2016-05-20 18:08:48.513233  [WARNING] input/init.sh should load all base relations: articles spouses_dbpedia 
2016-05-20 18:08:48.513260  checking if compiled_dependencies_correct
2016-05-20 18:08:48.513284  checking if compiled_input_output_well_defined
2016-05-20 18:08:48.513306  checking if compiled_output_uniquely_defined
2016-05-20 18:08:48.513586 Compiling executable code into:
2016-05-20 18:08:48.513896  run/compiled/code-Makefile.json
2016-05-20 18:08:48.555424  run/compiled/code-cmd_extractor.json
2016-05-20 18:08:48.604256  run/compiled/code-dataflow_dot.json
2016-05-20 18:08:48.636426  run/compiled/code-sql_extractor.json
2016-05-20 18:08:48.669422  run/compiled/code-tsv_extractor.json
2016-05-20 18:08:48.709361 Generating files:
2016-05-20 18:08:48.762241  run/Makefile
2016-05-20 18:08:48.785180  run/process/init/app/run.sh
2016-05-20 18:08:48.809940  run/process/init/relation/articles/run.sh
2016-05-20 18:08:48.834435  run/process/init/relation/spouses_dbpedia/run.sh
2016-05-20 18:08:48.859461  run/process/ext_has_spouse/run.sh
2016-05-20 18:08:48.888749  run/process/ext_num_people/run.sh
2016-05-20 18:08:48.910693  run/process/ext_spouse_candidate/run.sh
2016-05-20 18:08:48.942442  run/process/ext_spouse_label/run.sh
2016-05-20 18:08:48.965982  run/process/ext_spouse_label_resolved/run.sh
2016-05-20 18:08:48.992059  run/process/grounding/variable_id_partition/run.sh
2016-05-20 18:08:49.015684  run/process/grounding/variable/has_spouse/assign_id/run.sh
2016-05-20 18:08:49.045379  run/process/grounding/variable_holdout/run.sh
2016-05-20 18:08:49.079514  run/process/grounding/variable/has_spouse/dump/run.sh
2016-05-20 18:08:49.105018  run/process/grounding/factor/inf1_imply_has_spouse_has_spouse/materialize/run.sh
2016-05-20 18:08:49.132527  run/process/grounding/factor/inf_imply_has_spouse_has_spouse/materialize/run.sh
2016-05-20 18:08:49.156532  run/process/grounding/factor/inf_istrue_has_spouse/materialize/run.sh
2016-05-20 18:08:49.184562  run/process/grounding/weight_id_partition/run.sh
2016-05-20 18:08:49.208927  run/process/grounding/global_weight_table/run.sh
2016-05-20 18:08:49.234088  run/process/grounding/factor/inf1_imply_has_spouse_has_spouse/assign_weight_id/run.sh
2016-05-20 18:08:49.269452  run/process/grounding/factor/inf_imply_has_spouse_has_spouse/assign_weight_id/run.sh
2016-05-20 18:08:49.291758  run/process/grounding/factor/inf_istrue_has_spouse/assign_weight_id/run.sh
2016-05-20 18:08:49.317617  run/process/grounding/factor/inf1_imply_has_spouse_has_spouse/dump/run.sh
2016-05-20 18:08:49.345745  run/process/grounding/factor/inf_imply_has_spouse_has_spouse/dump/run.sh
2016-05-20 18:08:49.378567  run/process/grounding/factor/inf_istrue_has_spouse/dump/run.sh
2016-05-20 18:08:49.410189  run/process/grounding/factor/inf1_imply_has_spouse_has_spouse/dump_weights/run.sh
2016-05-20 18:08:49.434537  run/process/grounding/factor/inf_imply_has_spouse_has_spouse/dump_weights/run.sh
2016-05-20 18:08:49.461253  run/process/grounding/factor/inf_istrue_has_spouse/dump_weights/run.sh
2016-05-20 18:08:49.489471  run/process/grounding/combine_factorgraph/run.sh
2016-05-20 18:08:49.514930  run/process/model/learning/run.sh
2016-05-20 18:08:49.548871  run/process/model/inference/run.sh
2016-05-20 18:08:49.571647  run/process/model/load_weights/run.sh
2016-05-20 18:08:49.600952  run/process/model/load_probabilities/run.sh
2016-05-20 18:08:49.632167  run/process/model/calibration/run.sh
2016-05-20 18:08:49.665825  run/dataflow.dot
2016-05-20 18:08:49.712280  run/process/ext_person_mention_by_map_person_mention/run.sh
2016-05-20 18:08:49.743963  run/process/ext_sentences_by_nlp_markup/run.sh
2016-05-20 18:08:49.774869  run/process/ext_spouse_feature_by_extract_spouse_features/run.sh
2016-05-20 18:08:49.795156  run/process/ext_spouse_label__0_by_supervise/run.sh
2016-05-20 18:08:49.820036  run/process/ext_team_mention_by_map_team_mention/run.sh
2016-05-20 18:08:49.904756 Warning: Could not load "/Users/emerson/local/lib/bundled/graphviz/prefix/bin/../lib/graphviz/libgvplugin_pango.6.dylib" - file not found
2016-05-20 18:08:49.920466  run/dataflow.svg
2016-05-20 18:08:49.921405   (file:///Users/emerson/Documents/Github/deepdive/examples/Coach_NBA/run/dataflow.svg)
2016-05-20 18:08:49.930240 mv: cannot move ‘run/compiled’ to ‘run/compiled~’: Directory not empty
