2016-05-23 15:05:50.022045 # on dhcp-169-233-164-19.cruznet.ucsc.edu: deepdive do person_mention
2016-05-23 15:05:50.022375 # run/20160523/150545.516262000/plan.sh
2016-05-23 15:05:50.022401 # execution plan for data/person_mention
2016-05-23 15:05:50.022432 
2016-05-23 15:05:50.022456 : ## process/init/app ##########################################################
2016-05-23 15:05:50.022479 : # Done: 2016-05-22T17:21:25-0700 (21h 44m 20s ago)
2016-05-23 15:05:50.022501 : process/init/app/run.sh
2016-05-23 15:05:50.022524 : mark_done process/init/app
2016-05-23 15:05:50.022546 : ##############################################################################
2016-05-23 15:05:50.022568 
2016-05-23 15:05:50.022590 : ## process/init/relation/articles ############################################
2016-05-23 15:05:50.022611 : # Done: 2016-05-23T12:16:43-0700 (2h 49m 2s ago)
2016-05-23 15:05:50.022632 : process/init/relation/articles/run.sh
2016-05-23 15:05:50.022652 : mark_done process/init/relation/articles
2016-05-23 15:05:50.022672 : ##############################################################################
2016-05-23 15:05:50.022693 
2016-05-23 15:05:50.022719 : ## data/articles #############################################################
2016-05-23 15:05:50.022742 : # Done: 2016-05-23T12:16:43-0700 (2h 49m 2s ago)
2016-05-23 15:05:50.022765 : # no-op
2016-05-23 15:05:50.022787 : mark_done data/articles
2016-05-23 15:05:50.022810 : ##############################################################################
2016-05-23 15:05:50.022831 
2016-05-23 15:05:50.022851 : ## process/ext_sentences_by_nlp_markup #######################################
2016-05-23 15:05:50.022875 : # Done: 2016-05-23T15:05:01-0700 (44s ago)
2016-05-23 15:05:50.022897 : process/ext_sentences_by_nlp_markup/run.sh
2016-05-23 15:05:50.022920 : mark_done process/ext_sentences_by_nlp_markup
2016-05-23 15:05:50.022942 : ##############################################################################
2016-05-23 15:05:50.022964 
2016-05-23 15:05:50.022985 : ## data/sentences ############################################################
2016-05-23 15:05:50.023010 : # Done: 2016-05-23T15:05:01-0700 (44s ago)
2016-05-23 15:05:50.023032 : # no-op
2016-05-23 15:05:50.023054 : mark_done data/sentences
2016-05-23 15:05:50.023076 : ##############################################################################
2016-05-23 15:05:50.023097 
2016-05-23 15:05:50.023118 ## process/ext_person_mention_by_map_person_mention ##########################
2016-05-23 15:05:50.023143 # Done: 2016-05-22T17:26:11-0700 (21h 39m 34s ago)
2016-05-23 15:05:50.023166 process/ext_person_mention_by_map_person_mention/run.sh
2016-05-23 15:05:50.023189 ++ dirname process/ext_person_mention_by_map_person_mention/run.sh
2016-05-23 15:05:50.023211 + cd process/ext_person_mention_by_map_person_mention
2016-05-23 15:05:50.023232 + export DEEPDIVE_CURRENT_PROCESS_NAME=process/ext_person_mention_by_map_person_mention
2016-05-23 15:05:50.023253 + DEEPDIVE_CURRENT_PROCESS_NAME=process/ext_person_mention_by_map_person_mention
2016-05-23 15:05:50.023278 + export DEEPDIVE_LOAD_FORMAT=tsv
2016-05-23 15:05:50.023300 + DEEPDIVE_LOAD_FORMAT=tsv
2016-05-23 15:05:50.023324 + deepdive compute execute 'input_sql= SELECT R0.doc_id AS "sentences.R0.doc_id", R0.sentence_index AS "sentences.R0.sentence_index", R0.tokens AS "sentences.R0.tokens", R0.ner_tags AS "sentences.R0.ner_tags"
2016-05-23 15:05:50.023349 FROM sentences R0
2016-05-23 15:05:50.023369         
2016-05-23 15:05:50.023406           ' 'command="$DEEPDIVE_APP"/udf/map_person_mention.py' output_relation=person_mention
2016-05-23 15:05:50.023440 Executing with the following configuration:
2016-05-23 15:05:50.023464  DEEPDIVE_NUM_PROCESSES=3
2016-05-23 15:05:50.023487  DEEPDIVE_NUM_PARALLEL_UNLOADS=1
2016-05-23 15:05:50.023513  DEEPDIVE_NUM_PARALLEL_LOADS=1
2016-05-23 15:05:50.023536  output_relation_tmp=dd_tmp_person_mention
2016-05-23 15:05:50.023558 
2016-05-23 15:05:50.118008 NOTICE:  drop cascades to view num_people
2016-05-23 15:05:50.278755 CREATE TABLE
2016-05-23 15:05:50.390406 CREATE TABLE
2016-05-23 15:05:50.604163 unloading to feed_processes-1: ' SELECT R0.doc_id AS "sentences.R0.doc_id", R0.sentence_index AS "sentences.R0.sentence_index", R0.tokens AS "sentences.R0.tokens", R0.ner_tags AS "sentences.R0.ner_tags"
2016-05-23 15:05:50.604229 FROM sentences R0
2016-05-23 15:05:50.604260         
2016-05-23 15:05:50.604287           '
2016-05-23 15:05:50.634006 Loading dd_tmp_person_mention from output_computed-1 (tsv format)
2016-05-23 15:05:51.725942 COPY 6048
2016-05-23 15:05:51.733489 Replacing person_mention with dd_tmp_person_mention
2016-05-23 15:05:51.810513 DROP TABLE
2016-05-23 15:05:51.890367 ALTER TABLE
2016-05-23 15:05:51.972034 ALTER TABLE
2016-05-23 15:05:52.052874 DROP TABLE
2016-05-23 15:05:52.108225 ANALYZE
2016-05-23 15:05:52.117619 mark_done process/ext_person_mention_by_map_person_mention
2016-05-23 15:05:52.134086 ##############################################################################
2016-05-23 15:05:52.134164 
2016-05-23 15:05:52.134197 ## data/person_mention #######################################################
2016-05-23 15:05:52.134222 # Done: 2016-05-22T17:26:11-0700 (21h 39m 34s ago)
2016-05-23 15:05:52.134246 # no-op
2016-05-23 15:05:52.134295 mark_done data/person_mention
2016-05-23 15:05:52.155429 ##############################################################################
2016-05-23 15:05:52.155500 
